<!DOCTYPE html>
<html>
<head>
  <meta charset="utf-8">
  <meta name="google-site-verification" content="x769ihcPpzMLLAP03TIykIjylrYsAghgJfwpvP8LZ14" />
  <meta name="msvalidate.01" content="ECCB0341CC24C59E0D3F85526AB31105" />
  <meta name="viewport" content="target-densitydpi=device-dpi, width=device-width, initial-scale=1.0, minimum-scale=1.0, maximum-scale=1.5, user-scalable=yes">
  <!-- 
  <title>QuantumFlow Demo (1) --- Classify 3 and 6 in MNIST | Weiwen Jiang | Home Page</title>
 -->
  <title>Weiwen Jiang | Home Page</title>
  <meta name="viewport" content="width=device-width, initial-scale=1, maximum-scale=1">
  <!--<link rel="stylesheet" href="./css/application.css">-->
  <link rel="stylesheet" href="/css/style.css">
  <link rel="stylesheet" href="/css/application.css">
  

  <link rel="stylesheet" href="https://cdnjs.cloudflare.com/ajax/libs/font-awesome/4.7.0/css/font-awesome.min.css">

  <script type="text/x-mathjax-config">
	  MathJax.Hub.Config({
		tex2jax: {
		  inlineMath: [ ['$','$'], ["\\(","\\)"] ],
		  processEscapes: true
		}
	  });
  </script>  
  <script type="text/javascript" async
  src="https://cdnjs.cloudflare.com/ajax/libs/mathjax/2.7.5/latest.js?config=TeX-MML-AM_CHTML"></script>
  
  <!--<script src="./js/application.js"></script>-->
</head>

<body style="background: url(/css/images/bg.png) 0 0 repeat; ">
  <header id="header" role="banner" class="site-header" style="height:138px;  min-width:1200px;">
      <nav class="brandbar theme-bb-blue container-fluid">
        <ul class="row">
          <li class="dept-nd col-lg-6"><a href="https://www.nd.edu/">University of Notre Dame</a></li>
          <li class="dept dept-current col-lg-5">
          <a href="http://engineering.nd.edu/" title="College of Engineering" target="_blank">COLLEGE of ENGINEERING</a>
          </li>
        </ul>
      </nav>
      <div class="titlebar theme-tb-gold container-fluid">
        <div class="row">
          <div class="col">
            <h1 class="site-title"><a href="/" accesskey="H">Weiwen Jiang's Personal Website</a></h1>
          </div>
          <div style="float:right; margin-top:30px; margin-right:120px;">
            <form method="get" action="https://google.com/search" role="search">
              <input type="search" name="q" placeholder="Search">
              <button type="submit" style="float:right;"><i class="fa fa-search"></i></button>
            </form>
          </div>
        </div>
      </div>
  </header>
    
  <div id="container" style="background: url(/css/images/bg.png) 0 0 repeat; ">
    <div id="wrap" style="background: url(/css/images/bg.png) 0 0 repeat; ">
      <div style="height: 60px; min-width: 1200px;" >
<div  id="hearder" style=" border-bottom: 2px solid #dcb439;  ">
  


  <div id="header-outer" class="outer" style=" width:1000px; ">
    <div id="header-inner" class="inner" style="margin-top: 0px;">
      <nav id="main-nav" style="margin-left: 0;">
        <a id="main-nav-toggle" class="nav-icon"></a>
        
            
              <a class="main-nav-link" href="/" style="color: #000; font-weight: bold; background-color: #EFDB92;">Home</a>
            
        
            
              <a class="main-nav-link" href="/categories/paper" style="color: #000; ">Publication</a>
            
        
            
              <a class="main-nav-link" href="/categories/research" style="color: #000; ">Research</a>
            
        
            
              <a class="main-nav-link" href="/categories/teaching" style="color: #000; ">Teaching</a>
            
        
            
              <a class="main-nav-link" href="/categories/service" style="color: #000; ">Service</a>
            
        
            
              <a class="main-nav-link" href="/categories/awards" style="color: #000; ">Awards</a>
            
        
            
              <a class="main-nav-link" href="/categories/blog" style="color: #000; ">Blog</a>
            
        
            
              <a class="main-nav-link" href="/categories/bio" style="color: #000; ">Bio</a>
            
        
            
              <a class="main-nav-link" href="/categories/QF" style="color: #000; ">QuantumFlow</a>
            
        
      </nav>                  
	  <!--<div style="float:right">
        <img src="/css/images/pitt_logo2.png" alt="pitt_log" height="48px" style="margin-top: 5px;">
	  </div>-->
    </div>
  </div>     
</div>
</div>









      <div class="outer" style="clear:both; width:1000px; min-height: 500px; margin-top:10px; padding-top:20px; padding-left:0px; padding-right:0px; padding-bottom: 30px; background: url(/css/images/bg.png) 0 0 repeat; ">
        <div>
    <article id="post-blog_2020-08-04-QFDemo1" class="article article-type-post" itemscope itemprop="blogPost">      
      <div class="article-inner" style="margin-top: -10px">
        
        
          <b><header class="article-header" style="font-size:24pt;">
            
      
      QuantumFlow Demo (1) --- Classify 3 and 6 in MNIST    
  

          </header></b>
        
        <div class="article-entry" itemprop="articleBody">
          
            <h1 id="QF-Net"><a href="#QF-Net" class="headerlink" title="QF-Net:"></a>QF-Net:</h1><h3 id="Layer-1"><a href="#Layer-1" class="headerlink" title="Layer 1:"></a>Layer 1:</h3><p><pre><code>Neural 1:<br>[1.,  1.,  1.,  1.,  1.,  1.,  1., -1.,  1., -1.,  1., -1.,  1.,  1.,    1.,  1.]<br>Neural 2:<br>[-1., -1., -1., -1., -1., -1., -1., -1., -1.,  1., -1.,  1., -1., -1.,-1., -1.]<br></code></pre></p>
<h3 id="Layer-2"><a href="#Layer-2" class="headerlink" title="Layer 2:"></a>Layer 2:</h3><p><pre><code>Neural 1:<br>[ 1., -1.]<br>Neural 2:<br>[-1., -1.]<br></code></pre></p>
<h3 id="BN-for-Layer-2"><a href="#BN-for-Layer-2" class="headerlink" title="BN for Layer 2:"></a>BN for Layer 2:</h3><p><pre><code>Neural 1:<br>lt 0.5; 0.3060<br>Neural 2:<br>gt 0.5: 0.6940<br></code></pre></p>
<h3 id="Accuracy"><a href="#Accuracy" class="headerlink" title="Accuracy:"></a>Accuracy:</h3><p>95.73% for MNIST with input downsampled to 4*4</p>
<h1 id="QF-Circ"><a href="#QF-Circ" class="headerlink" title="QF-Circ:"></a>QF-Circ:</h1><p><img src="/2020/08/04/blog_2020-08-04-QFDemo1/quirk.jpg" width="1000" alt="QF-Circ Implementation in Quirk, based on the trained model of QF-Net"></p>
<p><a href="https://algassert.com/quirk#circuit={%22cols%22:[[1,1,1,1,1,1,1,1,1,1,%22H%22,%22H%22,{%22id%22:%22Ryft%22,%22arg%22:%221.17233573%22},{%22id%22:%22Ryft%22,%22arg%22:%221.96925693%22}],[%22%E2%80%A6%22,%22%E2%80%A6%22,%22%E2%80%A6%22,%22%E2%80%A6%22,%22%E2%80%A6%22,%22%E2%80%A6%22,%22%E2%80%A6%22,%22%E2%80%A6%22],[%22Z%22,%22%E2%80%A2%22,%22%E2%80%A2%22,%22%E2%97%A6%22],[%22Z%22,%22%E2%97%A6%22,%22%E2%97%A6%22,%22%E2%80%A2%22],[%22Z%22,%22%E2%80%A2%22,%22%E2%97%A6%22,%22%E2%80%A2%22],[%22H%22,%22H%22,%22H%22,%22H%22],[1,1,1,1,%22Z%22,%22%E2%97%A6%22,%22%E2%97%A6%22,%22%E2%80%A2%22],[1,1,1,1,%22Z%22,%22%E2%80%A2%22,%22%E2%97%A6%22,%22%E2%80%A2%22],[1,1,1,1,%22H%22,%22H%22,%22H%22,%22H%22],[%22%E2%97%A6%22,%22%E2%97%A6%22,%22%E2%97%A6%22,%22%E2%97%A6%22,1,1,1,1,%22X%22],[1,1,1,1,%22%E2%97%A6%22,%22%E2%97%A6%22,%22%E2%97%A6%22,%22%E2%97%A6%22,1,%22X%22],[1,1,1,1,1,1,1,1,%22Chance%22,%22Chance%22],[1,1,1,1,1,1,1,1,1,%22X%22],[1,1,1,1,1,1,1,1,1,%22Z%22,%22%E2%97%A6%22],[1,1,1,1,1,1,1,1,%22Z%22,1,%22%E2%80%A2%22],[1,1,1,1,1,1,1,1,1,1,%22H%22],[1,1,1,1,1,1,1,1,1,%22X%22,%22X%22],[1,1,1,1,1,1,1,1,1,1,%22Chance%22],[1,1,1,1,1,1,1,1,1,%22Z%22,1,%22%E2%97%A6%22],[1,1,1,1,1,1,1,1,%22Z%22,1,1,%22%E2%80%A2%22],[1,1,1,1,1,1,1,1,1,1,1,%22H%22],[1,1,1,1,1,1,1,1,1,1,1,%22X%22],[1,1,1,1,1,1,1,1,1,1,1,%22Chance%22],[1,1,1,1,1,1,1,1,1,1,%22%E2%80%A2%22,1,1,1,%22X%22],[1,1,1,1,1,1,1,1,1,1,%22X%22],[1,1,1,1,1,1,1,1,1,1,%22%E2%80%A2%22,1,%22%E2%80%A2%22,1,%22X%22],[1,1,1,1,1,1,1,1,1,1,1,%22%E2%80%A2%22,1,%22%E2%80%A2%22,1,%22X%22],[1,1,1,1,1,1,1,1,1,1,1,1,1,1,%22Chance%22,%22Chance%22]]}" target="_blank" rel="external">Quirk link of the circuit without inputs</a></p>
<h1 id="Input-Generator"><a href="#Input-Generator" class="headerlink" title="Input Generator"></a>Input Generator</h1><p>github link (to be updated)</p>
<h1 id="First-Example-image-3-0"><a href="#First-Example-image-3-0" class="headerlink" title="First Example: image 3_0:"></a>First Example: image 3_0:</h1><p><a href="https://algassert.com/quirk#circuit={%22cols%22:[[%22~hs8n%22,1,1,1,%22~hs8n%22,1,1,1,1,1,%22H%22,%22H%22,{%22id%22:%22Ryft%22,%22arg%22:%221.17233573%22},{%22id%22:%22Ryft%22,%22arg%22:%221.96925693%22}],[%22%E2%80%A6%22,%22%E2%80%A6%22,%22%E2%80%A6%22,%22%E2%80%A6%22,%22%E2%80%A6%22,%22%E2%80%A6%22,%22%E2%80%A6%22,%22%E2%80%A6%22],[%22Z%22,%22%E2%80%A2%22,%22%E2%80%A2%22,%22%E2%97%A6%22],[%22Z%22,%22%E2%97%A6%22,%22%E2%97%A6%22,%22%E2%80%A2%22],[%22Z%22,%22%E2%80%A2%22,%22%E2%97%A6%22,%22%E2%80%A2%22],[%22H%22,%22H%22,%22H%22,%22H%22],[1,1,1,1,%22Z%22,%22%E2%97%A6%22,%22%E2%97%A6%22,%22%E2%80%A2%22],[1,1,1,1,%22Z%22,%22%E2%80%A2%22,%22%E2%97%A6%22,%22%E2%80%A2%22],[1,1,1,1,%22H%22,%22H%22,%22H%22,%22H%22],[%22%E2%97%A6%22,%22%E2%97%A6%22,%22%E2%97%A6%22,%22%E2%97%A6%22,1,1,1,1,%22X%22],[1,1,1,1,%22%E2%97%A6%22,%22%E2%97%A6%22,%22%E2%97%A6%22,%22%E2%97%A6%22,1,%22X%22],[1,1,1,1,1,1,1,1,%22Chance%22,%22Chance%22],[1,1,1,1,1,1,1,1,1,%22X%22],[1,1,1,1,1,1,1,1,1,%22Z%22,%22%E2%97%A6%22],[1,1,1,1,1,1,1,1,%22Z%22,1,%22%E2%80%A2%22],[1,1,1,1,1,1,1,1,1,1,%22H%22],[1,1,1,1,1,1,1,1,1,%22X%22,%22X%22],[1,1,1,1,1,1,1,1,1,1,%22Chance%22],[1,1,1,1,1,1,1,1,1,%22Z%22,1,%22%E2%97%A6%22],[1,1,1,1,1,1,1,1,%22Z%22,1,1,%22%E2%80%A2%22],[1,1,1,1,1,1,1,1,1,1,1,%22H%22],[1,1,1,1,1,1,1,1,1,1,1,%22X%22],[1,1,1,1,1,1,1,1,1,1,1,%22Chance%22],[1,1,1,1,1,1,1,1,1,1,%22%E2%80%A2%22,1,1,1,%22X%22],[1,1,1,1,1,1,1,1,1,1,%22X%22],[1,1,1,1,1,1,1,1,1,1,%22%E2%80%A2%22,1,%22%E2%80%A2%22,1,%22X%22],[1,1,1,1,1,1,1,1,1,1,1,%22%E2%80%A2%22,1,%22%E2%80%A2%22,1,%22X%22],[1,1,1,1,1,1,1,1,1,1,1,1,1,1,%22Chance%22,%22Chance%22]],%22gates%22:[{%22id%22:%22~hs8n%22,%22name%22:%223_0%22,%22matrix%22:%22{{0.1495317816734314,-0.28838270902633667,-0.09612756967544556,0,-0.25099977850914,-0.3150848150253296,-0.41121238470077515,-0.032042521983385086,0,-0.0747658908367157,-0.5180208086967468,-0.17623388767242432,0,-0.25099977850914,-0.42723366618156433,-0.04806378483772278},{0.28838270902633667,0.9276534914970398,-0.02411549724638462,0,-0.06296823918819427,-0.07904523611068726,-0.10316073894500732,-0.00803849846124649,0,-0.018756497651338577,-0.1299557238817215,-0.044211745262145996,0,-0.06296823918819427,-0.10717998445034027,-0.01205774862319231},{0.09612756967544556,-0.02411549724638462,0.9919614791870117,0,-0.020989414304494858,-0.0263484138995409,-0.03438691422343254,-0.0026794997975230217,0,-0.006252165883779526,-0.043318577110767365,-0.014737248420715332,0,-0.020989414304494858,-0.03572666272521019,-0.0040192496962845325},{0,0,0,1,0,0,0,0,0,0,0,0,0,0,0,0},{0.25099977850914,-0.06296823918819427,-0.020989414304494858,0,0.9451943039894104,-0.06879863142967224,-0.0897880494594574,-0.006996471434831619,0,-0.016325099393725395,-0.11310961842536926,-0.038480594754219055,0,-0.0548056922852993,-0.09328628331422806,-0.010494707152247429},{0.3150848150253296,-0.07904523611068726,-0.0263484138995409,0,-0.06879863142967224,0.9136357307434082,-0.11271265894174576,-0.008782804012298584,0,-0.02049320936203003,-0.14198866486549377,-0.04830542579293251,0,-0.06879863142967224,-0.11710406094789505,-0.01317420694977045},{0.41121238470077515,-0.10316073894500732,-0.03438691422343254,0,-0.0897880494594574,-0.11271265894174576,0.8529004454612732,-0.011462303809821606,0,-0.026745375245809555,-0.18530724942684174,-0.06304267793893814,0,-0.0897880494594574,-0.15283071994781494,-0.01719345711171627},{0.032042521983385086,-0.00803849846124649,-0.0026794997975230217,0,-0.006996471434831619,-0.008782804012298584,-0.011462303809821606,0.9991068243980408,0,-0.0020840552169829607,-0.01443952601402998,-0.004912415985018015,0,-0.006996471434831619,-0.011908886954188347,-0.0013397498987615108},{0,0,0,0,0,0,0,0,1,0,0,0,0,0,0,0},{0.0747658908367157,-0.018756497651338577,-0.006252165883779526,0,-0.016325099393725395,-0.02049320936203003,-0.026745375245809555,-0.0020840552169829607,0,0.9951372146606445,-0.03369222581386566,-0.011462303809821606,0,-0.016325099393725395,-0.027787404134869576,-0.003126082941889763},{0.5180208086967468,-0.1299557238817215,-0.043318577110767365,0,-0.11310961842536926,-0.14198866486549377,-0.18530724942684174,-0.01443952601402998,0,-0.03369222581386566,0.766560971736908,-0.0794173926115036,0,-0.11310961842536926,-0.19252701103687286,-0.021659288555383682},{0.17623388767242432,-0.044211745262145996,-0.014737248420715332,0,-0.038480594754219055,-0.04830542579293251,-0.06304267793893814,-0.004912415985018015,0,-0.011462303809821606,-0.0794173926115036,0.9729816913604736,0,-0.038480594754219055,-0.06549888104200363,-0.007368624210357666},{0,0,0,0,0,0,0,0,0,0,0,0,1,0,0,0},{0.25099977850914,-0.06296823918819427,-0.020989414304494858,0,-0.0548056922852993,-0.06879863142967224,-0.0897880494594574,-0.006996471434831619,0,-0.016325099393725395,-0.11310961842536926,-0.038480594754219055,0,0.9451943039894104,-0.09328628331422806,-0.010494707152247429},{0.42723366618156433,-0.10717998445034027,-0.03572666272521019,0,-0.09328628331422806,-0.11710406094789505,-0.15283071994781494,-0.011908886954188347,0,-0.027787404134869576,-0.19252701103687286,-0.06549888104200363,0,-0.09328628331422806,0.8412148356437683,-0.017863331362605095},{0.04806378483772278,-0.01205774862319231,-0.0040192496962845325,0,-0.010494707152247429,-0.01317420694977045,-0.01719345711171627,-0.0013397498987615108,0,-0.003126082941889763,-0.021659288555383682,-0.007368624210357666,0,-0.010494707152247429,-0.017863331362605095,0.9979903697967529}}%22}]}" target="_blank" rel="external">Quirk link of example 3_0</a></p>
<h3 id="Inputs-Conversion"><a href="#Inputs-Conversion" class="headerlink" title="Inputs Conversion"></a>Inputs Conversion</h3><p><img src="/2020/08/04/blog_2020-08-04-QFDemo1/3_0_32_32.jpg" width="112" alt="Original Data in MNIST 3_0 (4X larger)"><br><img src="/2020/08/04/blog_2020-08-04-QFDemo1/3_0_4_4.jpg" width="28" alt="Downsampled Image of 3_0 (7X larger)"></p>
<p><pre><code>Unitray Matrix Built upon 3_0 to Quantum Input<br>0.1495317816734314,-0.28838270902633667,-0.09612756967544556,0.0,-0.25099977850914,-0.3150848150253296,-0.41121238470077515,-0.032042521983385086,0.0,-0.0747658908367157,-0.5180208086967468,-0.17623388767242432,0.0,-0.25099977850914,-0.42723366618156433,-0.04806378483772278,<br>0.28838270902633667,0.9276534914970398,-0.02411549724638462,0.0,-0.06296823918819427,-0.07904523611068726,-0.10316073894500732,-0.00803849846124649,0.0,-0.018756497651338577,-0.1299557238817215,-0.044211745262145996,0.0,-0.06296823918819427,-0.10717998445034027,-0.01205774862319231,<br>0.09612756967544556,-0.02411549724638462,0.9919614791870117,0.0,-0.020989414304494858,-0.0263484138995409,-0.03438691422343254,-0.0026794997975230217,0.0,-0.006252165883779526,-0.043318577110767365,-0.014737248420715332,0.0,-0.020989414304494858,-0.03572666272521019,-0.0040192496962845325,<br>0.0,0.0,0.0,1.0,0.0,0.0,0.0,0.0,0.0,0.0,0.0,0.0,0.0,0.0,0.0,0.0,<br>0.25099977850914,-0.06296823918819427,-0.020989414304494858,0.0,0.9451943039894104,-0.06879863142967224,-0.0897880494594574,-0.006996471434831619,0.0,-0.016325099393725395,-0.11310961842536926,-0.038480594754219055,0.0,-0.0548056922852993,-0.09328628331422806,-0.010494707152247429,<br>0.3150848150253296,-0.07904523611068726,-0.0263484138995409,0.0,-0.06879863142967224,0.9136357307434082,-0.11271265894174576,-0.008782804012298584,0.0,-0.02049320936203003,-0.14198866486549377,-0.04830542579293251,0.0,-0.06879863142967224,-0.11710406094789505,-0.01317420694977045,<br>0.41121238470077515,-0.10316073894500732,-0.03438691422343254,0.0,-0.0897880494594574,-0.11271265894174576,0.8529004454612732,-0.011462303809821606,0.0,-0.026745375245809555,-0.18530724942684174,-0.06304267793893814,0.0,-0.0897880494594574,-0.15283071994781494,-0.01719345711171627,<br>0.032042521983385086,-0.00803849846124649,-0.0026794997975230217,0.0,-0.006996471434831619,-0.008782804012298584,-0.011462303809821606,0.9991068243980408,0.0,-0.0020840552169829607,-0.01443952601402998,-0.004912415985018015,0.0,-0.006996471434831619,-0.011908886954188347,-0.0013397498987615108,<br>0.0,0.0,0.0,0.0,0.0,0.0,0.0,0.0,1.0,0.0,0.0,0.0,0.0,0.0,0.0,0.0,<br>0.0747658908367157,-0.018756497651338577,-0.006252165883779526,0.0,-0.016325099393725395,-0.02049320936203003,-0.026745375245809555,-0.0020840552169829607,0.0,0.9951372146606445,-0.03369222581386566,-0.011462303809821606,0.0,-0.016325099393725395,-0.027787404134869576,-0.003126082941889763,<br>0.5180208086967468,-0.1299557238817215,-0.043318577110767365,0.0,-0.11310961842536926,-0.14198866486549377,-0.18530724942684174,-0.01443952601402998,0.0,-0.03369222581386566,0.766560971736908,-0.0794173926115036,0.0,-0.11310961842536926,-0.19252701103687286,-0.021659288555383682,<br>0.17623388767242432,-0.044211745262145996,-0.014737248420715332,0.0,-0.038480594754219055,-0.04830542579293251,-0.06304267793893814,-0.004912415985018015,0.0,-0.011462303809821606,-0.0794173926115036,0.9729816913604736,0.0,-0.038480594754219055,-0.06549888104200363,-0.007368624210357666,<br>0.0,0.0,0.0,0.0,0.0,0.0,0.0,0.0,0.0,0.0,0.0,0.0,1.0,0.0,0.0,0.0,<br>0.25099977850914,-0.06296823918819427,-0.020989414304494858,0.0,-0.0548056922852993,-0.06879863142967224,-0.0897880494594574,-0.006996471434831619,0.0,-0.016325099393725395,-0.11310961842536926,-0.038480594754219055,0.0,0.9451943039894104,-0.09328628331422806,-0.010494707152247429,<br>0.42723366618156433,-0.10717998445034027,-0.03572666272521019,0.0,-0.09328628331422806,-0.11710406094789505,-0.15283071994781494,-0.011908886954188347,0.0,-0.027787404134869576,-0.19252701103687286,-0.06549888104200363,0.0,-0.09328628331422806,0.8412148356437683,-0.017863331362605095,<br>0.04806378483772278,-0.01205774862319231,-0.0040192496962845325,0.0,-0.010494707152247429,-0.01317420694977045,-0.01719345711171627,-0.0013397498987615108,0.0,-0.003126082941889763,-0.021659288555383682,-0.007368624210357666,0.0,-0.010494707152247429,-0.017863331362605095,0.9979903697967529<br></code></pre></p>
<h3 id="Results"><a href="#Results" class="headerlink" title="Results"></a>Results</h3><p><img src="/2020/08/04/blog_2020-08-04-QFDemo1/quirk3_0.jpg" width="1000" alt="Results: the input 3_0 is generated using the above unitray matrix"></p>
<p>Prob(Img=”3”)=63.7% <strong>(Correct)</strong><br>Prob(Img=”6”)=36.3%</p>
<h1 id="Second-Example-image-3-1"><a href="#Second-Example-image-3-1" class="headerlink" title="Second Example: image 3_1:"></a>Second Example: image 3_1:</h1><h3 id="Inputs-Conversion-1"><a href="#Inputs-Conversion-1" class="headerlink" title="Inputs Conversion"></a>Inputs Conversion</h3><p><img src="/2020/08/04/blog_2020-08-04-QFDemo1/3_1_32_32.jpg" width="112" alt="Original Data in MNIST 3_1 (4X larger)"><br><img src="/2020/08/04/blog_2020-08-04-QFDemo1/3_1_4_4.jpg" width="28" alt="Downsampled Image of 3_1 (7X larger)"></p>
<!--
<pre><code>Unitray Matrix Built upon 3_1 to Quantum Input
0.02014164999127388,-0.14099155366420746,-0.1973881721496582,-0.07250994443893433,-0.03222664073109627,-0.3988046944141388,-0.5961928963661194,-0.13696323335170746,-0.02819831110537052,-0.1973881721496582,-0.36657804250717163,-0.1007082536816597,-0.16113319993019104,-0.4028330147266388,-0.16918987035751343,-0.008056660182774067,
0.14099155366420746,0.980513870716095,-0.027280589565634727,-0.010021441616117954,-0.004453974310308695,-0.055117927491664886,-0.08239851891994476,-0.018929390236735344,-0.0038972271140664816,-0.027280589565634727,-0.05066395550966263,-0.01391866896301508,-0.022269869223237038,-0.05567467585206032,-0.02338336408138275,-0.0011134935775771737,
0.1973881721496582,-0.027280589565634727,0.9618071913719177,-0.014030017890036106,-0.006235563661903143,-0.07716509699821472,-0.11535792052745819,-0.026501145213842392,-0.0054561179131269455,-0.03819282352924347,-0.07092953473329544,-0.019486134871840477,-0.031177816912531853,-0.07794453948736191,-0.03273670747876167,-0.0015588909154757857,
0.07250994443893433,-0.010021441616117954,-0.014030017890036106,0.9948461055755615,-0.0022906153462827206,-0.028346361592411995,-0.042376380413770676,-0.009735114872455597,-0.002004288136959076,-0.014030017890036106,-0.026055747643113136,-0.007158172316849232,-0.011453076265752316,-0.028632689267396927,-0.01202572975307703,-0.0005726538365706801,
0.03222664073109627,-0.004453974310308695,-0.006235563661903143,-0.0022906153462827206,0.9989819526672363,-0.012598383240401745,-0.01883394829928875,-0.0043267179280519485,-0.0008907947922125459,-0.006235563661903143,-0.011580332182347775,-0.0031814100220799446,-0.005090256221592426,-0.012725640088319778,-0.005344768986105919,-0.0002545128227211535,
0.3988046944141388,-0.055117927491664886,-0.07716509699821472,-0.028346361592411995,-0.012598383240401745,0.84409499168396,-0.23307009041309357,-0.053543128073215485,-0.011023584753274918,-0.07716509699821472,-0.14330661296844482,-0.03936994820833206,-0.0629919171333313,-0.15747979283332825,-0.0661415085196495,-0.003149595810100436,
0.5961928963661194,-0.08239851891994476,-0.11535792052745819,-0.042376380413770676,-0.01883394829928875,-0.23307009041309357,0.6515719890594482,-0.08004427701234818,-0.016479702666401863,-0.11535792052745819,-0.21423614025115967,-0.05885608494281769,-0.0941697359085083,-0.23542433977127075,-0.09887821972370148,-0.004708487074822187,
0.13696323335170746,-0.018929390236735344,-0.026501145213842392,-0.009735114872455597,-0.0043267179280519485,-0.053543128073215485,-0.08004427701234818,0.981611430644989,-0.0037858777213841677,-0.026501145213842392,-0.049216412007808685,-0.013520992361009121,-0.021633587777614594,-0.054083969444036484,-0.022715266793966293,-0.0010816794820129871,
0.02819831110537052,-0.0038972271140664816,-0.0054561179131269455,-0.002004288136959076,-0.0008907947922125459,-0.011023584753274918,-0.016479702666401863,-0.0037858777213841677,0.9992205500602722,-0.0054561179131269455,-0.01013279054313898,-0.0027837336529046297,-0.0044539738446474075,-0.011134934611618519,-0.004676672630012035,-0.00022269869805313647,
0.1973881721496582,-0.027280589565634727,-0.03819282352924347,-0.014030017890036106,-0.006235563661903143,-0.07716509699821472,-0.11535792052745819,-0.026501145213842392,-0.0054561179131269455,0.9618071913719177,-0.07092953473329544,-0.019486134871840477,-0.031177816912531853,-0.07794453948736191,-0.03273670747876167,-0.0015588909154757857,
0.36657804250717163,-0.05066395550966263,-0.07092953473329544,-0.026055747643113136,-0.011580332182347775,-0.14330661296844482,-0.21423614025115967,-0.049216412007808685,-0.01013279054313898,-0.07092953473329544,0.8682737350463867,-0.03618853539228439,-0.05790166184306145,-0.14475414156913757,-0.060796745121479034,-0.0028950830455869436,
0.1007082536816597,-0.01391866896301508,-0.019486134871840477,-0.007158172316849232,-0.0031814100220799446,-0.03936994820833206,-0.05885608494281769,-0.013520992361009121,-0.0027837336529046297,-0.019486134871840477,-0.03618853539228439,0.9900580644607544,-0.01590704917907715,-0.03976762294769287,-0.016702402383089066,-0.0007953525055199862,
0.16113319993019104,-0.022269869223237038,-0.031177816912531853,-0.011453076265752316,-0.005090256221592426,-0.0629919171333313,-0.0941697359085083,-0.021633587777614594,-0.0044539738446474075,-0.031177816912531853,-0.05790166184306145,-0.01590704917907715,0.9745486974716187,-0.0636281967163086,-0.026723843067884445,-0.0012725640553981066,
0.4028330147266388,-0.05567467585206032,-0.07794453948736191,-0.028632689267396927,-0.012725640088319778,-0.15747979283332825,-0.23542433977127075,-0.054083969444036484,-0.011134934611618519,-0.07794453948736191,-0.14475414156913757,-0.03976762294769287,-0.0636281967163086,0.8409295082092285,-0.06680960953235626,-0.0031814100220799446,
0.16918987035751343,-0.02338336408138275,-0.03273670747876167,-0.01202572975307703,-0.005344768986105919,-0.0661415085196495,-0.09887821972370148,-0.022715266793966293,-0.004676672630012035,-0.03273670747876167,-0.060796745121479034,-0.016702402383089066,-0.026723843067884445,-0.06680960953235626,0.9719399809837341,-0.0013361922465264797,
0.008056660182774067,-0.0011134935775771737,-0.0015588909154757857,-0.0005726538365706801,-0.0002545128227211535,-0.003149595810100436,-0.004708487074822187,-0.0010816794820129871,-0.00022269869805313647,-0.0015588909154757857,-0.0028950830455869436,-0.0007953525055199862,-0.0012725640553981066,-0.0031814100220799446,-0.0013361922465264797,0.9999363422393799,
</code></pre> -->
<h3 id="Results-1"><a href="#Results-1" class="headerlink" title="Results"></a>Results</h3><p>Prob(Img=”3”)=61.5% <strong>(Correct)</strong><br>Prob(Img=”6”)=38.5%</p>
<h1 id="Thrid-Example-image-6-0"><a href="#Thrid-Example-image-6-0" class="headerlink" title="Thrid Example: image 6_0:"></a>Thrid Example: image 6_0:</h1><h3 id="Inputs-Conversion-2"><a href="#Inputs-Conversion-2" class="headerlink" title="Inputs Conversion"></a>Inputs Conversion</h3><p><img src="/2020/08/04/blog_2020-08-04-QFDemo1/6_0_32_32.jpg" width="112" alt="Original Data in MNIST 6_0 (4X larger)"><br><img src="/2020/08/04/blog_2020-08-04-QFDemo1/6_0_4_4.jpg" width="28" alt="Downsampled Image of 6_0 (7X larger)"></p>
<!--
<pre><code>Unitray Matrix Built upon 6(0) to Quantum Input
0.0,-0.03393439203500748,-0.3054095506668091,-0.03393439203500748,-0.006786878686398268,-0.3325570523738861,-0.3461308181285858,-0.05429502949118614,-0.05429502949118614,-0.5633109211921692,-0.5090159177780151,-0.10859005898237228,-0.006786878686398268,-0.23075388371944427,-0.16288508474826813,-0.006786878686398268,
0.03393439203500748,0.9988484382629395,-0.010363887995481491,-0.0011515431106090546,-0.0002303086221218109,-0.01128512155264616,-0.011745738796889782,-0.0018424689769744873,-0.0018424689769744873,-0.019115615636110306,-0.01727314665913582,-0.0036849379539489746,-0.0002303086221218109,-0.007830493152141571,-0.005527406465262175,-0.0002303086221218109,
0.3054095506668091,-0.010363887995481491,0.9067249894142151,-0.010363887995481491,-0.0020727775990962982,-0.10156609863042831,-0.10571165382862091,-0.016582220792770386,-0.016582220792770386,-0.17204053699970245,-0.15545831620693207,-0.03316444158554077,-0.0020727775990962982,-0.07047443836927414,-0.04974665865302086,-0.0020727775990962982,
0.03393439203500748,-0.0011515431106090546,-0.010363887995481491,0.9988484382629395,-0.0002303086221218109,-0.01128512155264616,-0.011745738796889782,-0.0018424689769744873,-0.0018424689769744873,-0.019115615636110306,-0.01727314665913582,-0.0036849379539489746,-0.0002303086221218109,-0.007830493152141571,-0.005527406465262175,-0.0002303086221218109,
0.006786878686398268,-0.0002303086221218109,-0.0020727775990962982,-0.0002303086221218109,0.9999539256095886,-0.0022570244036614895,-0.002349147805944085,-0.00036849381285719573,-0.00036849381285719573,-0.00382312317378819,-0.0034546293318271637,-0.0007369876257143915,-4.606172660714947e-05,-0.0015660986537113786,-0.0011054814094677567,-4.606172660714947e-05,
0.3325570523738861,-0.01128512155264616,-0.10156609863042831,-0.01128512155264616,-0.0022570244036614895,0.8894057869911194,-0.11510824412107468,-0.018056195229291916,-0.018056195229291916,-0.18733301758766174,-0.16927683353424072,-0.03611239045858383,-0.0022570244036614895,-0.07673882693052292,-0.05416858568787575,-0.0022570244036614895,
0.3461308181285858,-0.011745738796889782,-0.10571165382862091,-0.011745738796889782,-0.002349147805944085,-0.11510824412107468,0.8801934719085693,-0.01879318244755268,-0.01879318244755268,-0.19497926533222198,-0.17618608474731445,-0.03758636489510536,-0.002349147805944085,-0.0798710286617279,-0.056379545480012894,-0.002349147805944085,
0.05429502949118614,-0.0018424689769744873,-0.016582220792770386,-0.0018424689769744873,-0.00036849381285719573,-0.018056195229291916,-0.01879318244755268,0.9970520734786987,-0.002947950502857566,-0.03058498539030552,-0.02763703465461731,-0.005895901005715132,-0.00036849381285719573,-0.012528789229691029,-0.008843851275742054,-0.00036849381285719573,
0.05429502949118614,-0.0018424689769744873,-0.016582220792770386,-0.0018424689769744873,-0.00036849381285719573,-0.018056195229291916,-0.01879318244755268,-0.002947950502857566,0.9970520734786987,-0.03058498539030552,-0.02763703465461731,-0.005895901005715132,-0.00036849381285719573,-0.012528789229691029,-0.008843851275742054,-0.00036849381285719573,
0.5633109211921692,-0.019115615636110306,-0.17204053699970245,-0.019115615636110306,-0.00382312317378819,-0.18733301758766174,-0.19497926533222198,-0.03058498539030552,-0.03058498539030552,0.6826807856559753,-0.2867342233657837,-0.06116997078061104,-0.00382312317378819,-0.12998618185520172,-0.09175495058298111,-0.00382312317378819,
0.5090159177780151,-0.01727314665913582,-0.15545831620693207,-0.01727314665913582,-0.0034546293318271637,-0.16927683353424072,-0.17618608474731445,-0.02763703465461731,-0.02763703465461731,-0.2867342233657837,0.7409027814865112,-0.05527406930923462,-0.0034546293318271637,-0.11745739728212357,-0.08291110396385193,-0.0034546293318271637,
0.10859005898237228,-0.0036849379539489746,-0.03316444158554077,-0.0036849379539489746,-0.0007369876257143915,-0.03611239045858383,-0.03758636489510536,-0.005895901005715132,-0.005895901005715132,-0.06116997078061104,-0.05527406930923462,0.9882081747055054,-0.0007369876257143915,-0.025057578459382057,-0.017687702551484108,-0.0007369876257143915,
0.006786878686398268,-0.0002303086221218109,-0.0020727775990962982,-0.0002303086221218109,-4.606172660714947e-05,-0.0022570244036614895,-0.002349147805944085,-0.00036849381285719573,-0.00036849381285719573,-0.00382312317378819,-0.0034546293318271637,-0.0007369876257143915,0.9999539256095886,-0.0015660986537113786,-0.0011054814094677567,-4.606172660714947e-05,
0.23075388371944427,-0.007830493152141571,-0.07047443836927414,-0.007830493152141571,-0.0015660986537113786,-0.07673882693052292,-0.0798710286617279,-0.012528789229691029,-0.012528789229691029,-0.12998618185520172,-0.11745739728212357,-0.025057578459382057,-0.0015660986537113786,0.946752667427063,-0.03758636489510536,-0.0015660986537113786,
0.16288508474826813,-0.005527406465262175,-0.04974665865302086,-0.005527406465262175,-0.0011054814094677567,-0.05416858568787575,-0.056379545480012894,-0.008843851275742054,-0.008843851275742054,-0.09175495058298111,-0.08291110396385193,-0.017687702551484108,-0.0011054814094677567,-0.03758636489510536,0.9734684228897095,-0.0011054814094677567,
0.006786878686398268,-0.0002303086221218109,-0.0020727775990962982,-0.0002303086221218109,-4.606172660714947e-05,-0.0022570244036614895,-0.002349147805944085,-0.00036849381285719573,-0.00036849381285719573,-0.00382312317378819,-0.0034546293318271637,-0.0007369876257143915,-4.606172660714947e-05,-0.0015660986537113786,-0.0011054814094677567,0.9999539256095886,
</code></pre>-->
<h3 id="Results-2"><a href="#Results-2" class="headerlink" title="Results"></a>Results</h3><p>Prob(Img=”3”)=44.8%<br>Prob(Img=”6”)=55.2% <strong>(Correct)</strong></p>
<h1 id="Fourth-Example-image-6-1"><a href="#Fourth-Example-image-6-1" class="headerlink" title="Fourth Example: image 6_1:"></a>Fourth Example: image 6_1:</h1><h3 id="Inputs-Conversion-3"><a href="#Inputs-Conversion-3" class="headerlink" title="Inputs Conversion"></a>Inputs Conversion</h3><p><img src="/2020/08/04/blog_2020-08-04-QFDemo1/6_1_32_32.jpg" width="112" alt="Original Data in MNIST 6_1 (4X larger)"><br><img src="/2020/08/04/blog_2020-08-04-QFDemo1/6_1_4_4.jpg" width="28" alt="Downsampled Image of 6_1 (7X larger)"></p>
<!--
<pre><code>Unitray Matrix Built upon 6_1 to Quantum Input
0.0,-0.1140894666314125,-0.2053610384464264,0.0,-0.006519398186355829,-0.36508628726005554,-0.3683459758758545,-0.052155185490846634,-0.029337292537093163,-0.5345906615257263,-0.5900055170059204,-0.09453126788139343,-0.0032596990931779146,-0.11082977056503296,-0.13038796186447144,-0.009779096581041813,
0.1140894666314125,0.986983597278595,-0.02342953160405159,0.0,-0.000743794662412256,-0.04165250062942505,-0.0420243963599205,-0.005950357299298048,-0.0033470760099589825,-0.060991160571575165,-0.06731341779232025,-0.01078502181917429,-0.000371897331206128,-0.0126445097848773,-0.014875893481075764,-0.0011156919645145535,
0.2053610384464264,-0.02342953160405159,0.9578268527984619,0.0,-0.0013388303341343999,-0.07497449219226837,-0.07564391195774078,-0.010710642673075199,-0.006024736445397139,-0.1097840890288353,-0.12116414308547974,-0.019413039088249207,-0.0006694151670671999,-0.022760115563869476,-0.02677660621702671,-0.0020082455594092607,
0.0,0.0,0.0,1.0,0.0,0.0,0.0,0.0,0.0,0.0,0.0,0.0,0.0,0.0,0.0,0.0,
0.006519398186355829,-0.000743794662412256,-0.0013388303341343999,0.0,0.9999575018882751,-0.002380142919719219,-0.002401394071057439,-0.0003400204295758158,-0.00019126148254144937,-0.003485209308564663,-0.0038464809767901897,-0.0006162869976833463,-2.1251276848488487e-05,-0.0007225433946587145,-0.0008500510593876243,-6.375382508849725e-05,
0.36508628726005554,-0.04165250062942505,-0.07497449219226837,0.0,-0.002380142919719219,0.8667120337486267,-0.13447806239128113,-0.019041143357753754,-0.010710642673075199,-0.19517171382904053,-0.21540291607379913,-0.03451206907629967,-0.0011900714598596096,-0.040462426841259,-0.047602854669094086,-0.003570214146748185,
0.3683459758758545,-0.0420243963599205,-0.07564391195774078,0.0,-0.002401394071057439,-0.13447806239128113,0.864321231842041,-0.01921115256845951,-0.01080627366900444,-0.19691431522369385,-0.21732616424560547,-0.03482021391391754,-0.0012006970355287194,-0.04082370176911354,-0.0480278804898262,-0.0036020909901708364,
0.052155185490846634,-0.005950357299298048,-0.010710642673075199,0.0,-0.0003400204295758158,-0.019041143357753754,-0.01921115256845951,0.9972798228263855,-0.001530091860331595,-0.027881674468517303,-0.030771847814321518,-0.00493029598146677,-0.0001700102147879079,-0.005780347157269716,-0.006800408475100994,-0.000510030600707978,
0.029337292537093163,-0.0033470760099589825,-0.006024736445397139,0.0,-0.00019126148254144937,-0.010710642673075199,-0.01080627366900444,-0.001530091860331595,0.9991393089294434,-0.01568344235420227,-0.017309164628386497,-0.0027732914313673973,-9.563074127072468e-05,-0.003251445246860385,-0.0038252295926213264,-0.00028689223108813167,
0.5345906615257263,-0.060991160571575165,-0.1097840890288353,0.0,-0.003485209308564663,-0.19517171382904053,-0.19691431522369385,-0.027881674468517303,-0.01568344235420227,0.7142128348350525,-0.31541141867637634,-0.05053553357720375,-0.0017426046542823315,-0.059248559176921844,-0.06970418244600296,-0.005227813497185707,
0.5900055170059204,-0.06731341779232025,-0.12116414308547974,0.0,-0.0038464809767901897,-0.21540291607379913,-0.21732616424560547,-0.030771847814321518,-0.017309164628386497,-0.31541141867637634,0.6518934965133667,-0.05577396973967552,-0.0019232404883950949,-0.06539017707109451,-0.07692961394786835,-0.005769721232354641,
0.09453126788139343,-0.01078502181917429,-0.019413039088249207,0.0,-0.0006162869976833463,-0.03451206907629967,-0.03482021391391754,-0.00493029598146677,-0.0027732914313673973,-0.05053553357720375,-0.05577396973967552,0.9910638332366943,-0.00030814349884167314,-0.010476878844201565,-0.012325739488005638,-0.0009244304383173585,
0.0032596990931779146,-0.000371897331206128,-0.0006694151670671999,0.0,-2.1251276848488487e-05,-0.0011900714598596096,-0.0012006970355287194,-0.0001700102147879079,-9.563074127072468e-05,-0.0017426046542823315,-0.0019232404883950949,-0.00030814349884167314,0.99998939037323,-0.00036127169732935727,-0.00042502552969381213,-3.1876912544248626e-05,
0.11082977056503296,-0.0126445097848773,-0.022760115563869476,0.0,-0.0007225433946587145,-0.040462426841259,-0.04082370176911354,-0.005780347157269716,-0.003251445246860385,-0.059248559176921844,-0.06539017707109451,-0.010476878844201565,-0.00036127169732935727,0.9877167344093323,-0.014450867660343647,-0.0010838150046765804,
0.13038796186447144,-0.014875893481075764,-0.02677660621702671,0.0,-0.0008500510593876243,-0.047602854669094086,-0.0480278804898262,-0.006800408475100994,-0.0038252295926213264,-0.06970418244600296,-0.07692961394786835,-0.012325739488005638,-0.00042502552969381213,-0.014450867660343647,0.9829989671707153,-0.0012750765308737755,
0.009779096581041813,-0.0011156919645145535,-0.0020082455594092607,0.0,-6.375382508849725e-05,-0.003570214146748185,-0.0036020909901708364,-0.000510030600707978,-0.00028689223108813167,-0.005227813497185707,-0.005769721232354641,-0.0009244304383173585,-3.1876912544248626e-05,-0.0010838150046765804,-0.0012750765308737755,0.9999043941497803,
</code></pre>-->
<h3 id="Results-3"><a href="#Results-3" class="headerlink" title="Results"></a>Results</h3><p>Prob(Img=”3”)=43.8%<br>Prob(Img=”6”)=56.2% <strong>(Correct)</strong></p>
<p><a href="https://wjiang.nd.edu/QF_Demon1.html">Quirk with all inputs</a></p>
<p><br></p>
<p><div align="right"><br>Aug. 04, 2020<br><b>Weiwen Jiang</b><br><a href="mailto:wjiang2@nd.edu" target="_blank" rel="external">wjiang2@nd.edu</a><br></div><br><br></p>

          
        </div>
        <footer class="article-footer">
          <a data-url="https://wjiang.nd.edu/2020/08/04/blog_2020-08-04-QFDemo1/" data-id="cki8gh9no000xvgvb3tgfj6ee" class="article-share-link">Share</a>
          
          
        </footer>
      </div>
      <!-- 
        
<nav id="article-nav">
  
    <a href="/2020/08/05/blog_2020-08-05-qfdemo2/" id="article-nav-newer" class="article-nav-link-wrap">
      <strong class="article-nav-caption">Newer</strong>
      <div class="article-nav-title">
        
          QuantumFlow Demo (2) --- Build QF-Circ from Weights
        
      </div>
    </a>
  
  
    <a href="/2020/07/07/news_20_07_07-CODES/" id="article-nav-older" class="article-nav-link-wrap">
      <strong class="article-nav-caption">Older</strong>
      <div class="article-nav-title"></div>
    </a>
  
</nav>

       -->
    </article>

           



</div>        
      
      <div style="clear:both;">
        <div>
        <br /><a href='https://clustrmaps.com/site/1a9dt'  title='Visit tracker'><img src='//clustrmaps.com/map_v2.png?cl=a1b7dd&w=200&t=tt&d=y7uhNSQnn7BwOiSgdjrJlsl50phjgSmRvL7A-puzXmA&co=f1f1f1&ct=a1b7dd' style="margin-top:20px;" /></a><br /></div>
      </div>

      </div> 

      <!--<footer id="footer" style="background: #A9A9A9; color: black; min-width:1200px;">
  
  <div class="outer" style="color:#000">
    <div id="footer-info" class="inner">	  	  	  
	  <div style="float:left">
	  Total pageviews: <a href="http://www.amazingcounters.com"><img border="0" src="http://cc.amazingcounters.com/counter.php?i=3223307&c=9670234" alt="AmazingCounters.com"></a><br />
      Last modified: Feb. 2019. <br />
      &copy; 2020 Weiwen Jiang<br>	  
	  </div>
	  <div style="float:right"><a href="https://clustrmaps.com/site/1a9dt" title="Visit tracker"><img src="//clustrmaps.com/map_v2.png?cl=a1b7dd&w=a&t=tt&d=y7uhNSQnn7BwOiSgdjrJlsl50phjgSmRvL7A-puzXmA&co=f1f1f1&ct=a1b7dd" /></a><br /></div>
    </div>	
  </div>
</footer>-->


  


<div class="wrapper container-fluid" style="clear:both; min-width:1200px">
      <div class="row">
      <footer id="footer" class="site-footer col-12" role="contentinfo" style="margin-bottom: 2em; padding-left: 2em; padding-right: 2em; padding-bottom: 2em;">
          <div class="footer-inner">
            <div class="vcard">
              <p class="copyright fn org">
                <a href="https://www.nd.edu/copyright/">Copyright</a> &copy; 2019
                <a href="https://www.nd.edu/" class="org">University of Notre Dame</a>
              </p>
              <p class="contact-info url adr">
                <a href="/" class="site-link url fn">Weiwen Jiang's Personal Website</a>
